10     1
 8     0
 7     0
 8     0
 9     2
 0     0
 8     0
 7     0
 9     0
 0     0
 0     0
 0     0
 8     0
 7     0
 7     0
 0     0
 0     0
 0     0
 8     0
 7     0
 7     0
 0     0
 0     0
 0     0
 8     0
10     0
10     1
 8     0
 7     0
 8     0
 9     1
 0     0
 8     0
 7     0
 9     0
 0     0
 0     0
 0     0
 8     0
 7     0
 7     0
 0     0
 0     0
 0     0
 8     0
 7     0
 7     0
 0     0
 0     0
 0     0
 8     0
10     0
 9     2
 0     0
 0     0
 9     1
 0     0
 0     0
 9     0
 0     0
 0     0
